CO10 1 31 32 1
CO10 2 28 29 2
CO10 3 1 2 1
CO10 4 1 2 1
CO10 5 1 2 2
CO10 6 1 2 2
CO10 7 1 2 2
CO10 8 1 2 2
CO10 9 1 2 2
CO10 10 0 0 2
CO10 11 3 10 2
CO10 12 3 10 2
CO10 13 0 0 2
CO10 14 4 13 1
CO10 15 4 13 2
CO10 16 4 13 2
CO10 17 0 0 1
CO10 18 17 5 1
CO10 19 17 5 2
CO10 20 0 0 2
CO10 21 1 20 2
CO10 22 28 29 1
CO10 23 22 21 1
CO10 24 0 0 2
CO10 25 23 24 2
CO10 26 23 24 2
CO10 27 23 24 2
CO10 28 0 0 1
CO10 29 0 0 2
CO10 30 28 29 2
CO10 31 0 0 1
CO10 32 0 0 2
CO10 33 0 0 1
CO10 34 33 30 2
CO10 35 22 21 1
CO10 36 33 30 2
CO10 38 33 30 1
CO10 39 3 10 2
CO13 1 8 9 2
CO13 2 0 0 1
CO13 3 2 1 2
CO13 4 2 1 1
CO13 5 2 1 2
CO13 6 2 1 1
CO13 7 2 1 1
CO13 8 0 0 1
CO13 9 15 16 2
CO13 10 8 9 2
CO13 11 8 9 2
CO13 12 8 9 2
CO13 13 8 9 2
CO13 14 8 9 2
CO13 15 0 0 1
CO13 16 0 0 2
CO13 17 15 16 2
CO13 18 15 16 2
CO13 19 15 16 2
CO13 20 0 0 1
CO13 21 20 11 1
CO13 22 0 0 1
CO13 23 22 12 2
CO13 24 2 1 1
CO14 1 19 20 2
CO14 2 0 0 1
CO14 4 2 1 2
CO14 5 0 0 1
CO14 6 25 4 2
CO14 7 5 4 2
CO14 8 2 1 1
CO14 9 2 1 1
CO14 10 2 1 1
CO14 11 2 1 2
CO14 12 2 1 2
CO14 13 2 1 1
CO14 14 2 1 2
CO14 15 2 1 1
CO14 16 2 1 1
CO14 17 0 0 2
CO14 18 8 17 2
CO14 19 0 0 1
CO14 20 0 0 2
CO14 21 19 20 2
CO14 22 19 20 1
CO14 23 2 1 1
CO14 24 19 20 1
CO14 25 0 0 1
CO14 26 5 4 1
CO14 27 0 0 1
CO14 28 27 11 2
CO14 29 0 0 1
CO14 30 29 14 2
CO15 1 18 19 1
CO15 2 0 0 2
CO15 3 1 2 2
CO15 4 1 2 1
CO15 5 1 2 1
CO15 6 1 2 2
CO15 7 1 2 2
CO15 8 1 2 2
CO15 9 1 2 2
CO15 10 1 2 2
CO15 11 1 2 1
CO15 12 1 2 2
CO15 13 1 2 1
CO15 14 0 0 2
CO15 15 4 14 1
CO15 16 0 0 1
CO15 17 4 14 2
CO15 18 0 0 1
CO15 19 0 0 2
CO15 20 18 19 2
CO15 21 18 19 2
CO15 22 16 8 1
CO15 23 16 8 2
CO15 24 26 27 1
CO15 25 24 6 1
CO15 26 18 19 1
CO15 27 0 0 2
CO18 1 2 3 1
CO18 2 6 7 1
CO18 3 0 0 2
CO18 4 2 3 1
CO18 5 2 3 2
CO18 6 15 16 1
CO18 7 0 0 2
CO18 8 6 7 1
CO18 9 6 7 2
CO18 10 6 7 1
CO18 11 0 0 2
CO18 12 10 11 2
CO18 13 10 11 2
CO18 14 6 7 2
CO18 15 0 0 1
CO18 16 0 0 2
CO18 17 15 16 2
CO18 18 0 0 1
CO18 19 18 17 2
CO18 20 18 17 1
CO18 21 18 17 2
CO18 22 18 17 2
CO18 23 18 17 1
CO18 24 18 17 1
CO18 25 15 16 1
CO18 26 0 0 2
CO18 27 25 26 1
CO18 28 25 26 2
CO18 29 25 26 2
CO18 30 18 17 1
CO18 31 0 0 2
CO18 32 27 31 1
CO18 33 0 0 2
CO18 34 8 33 2
CO18 35 8 33 1
CO18 36 37 31 1
CO18 37 0 0 1
CO23 1 2 3 2
CO23 2 0 0 1
CO23 3 7 8 2
CO23 4 2 3 1
CO23 5 2 3 2
CO23 6 2 3 2
CO23 7 35 36 1
CO23 8 11 12 2
CO23 9 7 8 1
CO23 10 7 8 2
CO23 11 0 0 1
CO23 12 0 0 2
CO23 13 11 12 1
CO23 14 32 48 2
CO23 15 13 14 2
CO23 16 13 14 2
CO23 17 13 14 2
CO23 18 13 14 1
CO23 19 13 14 2
CO23 20 0 0 1
CO23 21 0 0 2
CO23 22 9 21 2
CO23 23 9 21 1
CO23 24 0 0 1
CO23 25 20 10 2
CO23 26 20 10 2
CO23 27 20 10 1
CO23 28 9 21 1
CO23 29 0 0 1
CO23 30 29 16 2
CO23 31 29 16 2
CO23 32 0 0 1
CO23 33 32 48 2
CO23 34 32 48 2
CO23 35 43 44 1
CO23 36 0 0 2
CO23 37 35 36 1
CO23 38 41 42 2
CO23 39 37 38 1
CO23 40 37 38 2
CO23 41 43 44 1
CO23 42 0 0 2
CO23 43 0 0 1
CO23 44 0 0 2
CO23 45 0 0 1
CO23 46 45 1 2
CO23 47 24 15 2
CO23 48 0 0 2
CO25 1 2 3 2
CO25 2 12 13 1
CO25 3 0 0 2
CO25 4 2 3 1
CO25 5 2 3 1
CO25 6 2 3 2
CO25 7 2 3 2
CO25 8 2 3 1
CO25 9 2 3 2
CO25 10 2 3 2
CO25 11 2 3 2
CO25 12 0 0 1
CO25 13 0 0 2
CO25 14 12 13 1
CO25 15 12 13 1
CO27 1 2 3 2
CO27 2 0 0 1
CO27 3 18 19 2
CO27 4 2 3 1
CO27 5 2 3 2
CO27 6 2 3 1
CO27 7 2 3 1
CO27 8 2 3 1
CO27 9 2 3 1
CO27 10 2 3 2
CO27 11 0 0 1
CO27 12 11 5 2
CO27 13 0 0 1
CO27 14 13 12 2
CO27 15 0 0 2
CO27 16 8 15 2
CO27 17 8 15 1
CO27 18 0 0 1
CO27 19 0 0 2
CO27 20 18 19 1
CO27 21 0 0 2
CO27 22 20 21 2
CO27 23 20 21 2
CO27 24 20 21 1
CO27 25 20 21 1
CO27 26 20 21 2
CO27 27 0 0 1
CO27 28 27 26 2
CO27 29 27 26 2
CO27 30 27 26 1
CO27 31 27 26 2
CO27 32 27 26 1
CO27 33 27 26 2
CO27 34 0 0 1
CO27 35 34 12 1
CO27 36 0 0 1
CO27 37 36 12 2
CO27 38 11 5 1
CO27 39 11 5 2
CO27 40 11 5 2
CO27 41 0 0 1
CO27 42 41 14 2
CO27 43 0 0 1
CO27 44 43 1 2
CO27 45 0 0 1
CO27 46 45 10 1
CO27 47 43 1 1
CO27 48 43 1 2
CO27 49 0 0 1
CO27 50 49 29 2
CO27 51 49 29 2
CO27 52 0 0 1
CO27 53 52 16 2
CO27 54 41 14 1
CO27 55 0 0 1
CO27 56 55 28 2
CO27 57 58 28 1
CO27 58 0 0 1
CO4 1 0 0 1
CO4 2 22 21 2
CO4 3 1 2 1
CO4 4 0 0 2
CO4 5 3 4 1
CO4 6 3 4 2
CO4 7 3 4 2
CO4 8 20 19 1
CO4 9 20 19 1
CO4 10 20 19 1
CO4 11 20 19 2
CO4 12 0 0 1
CO4 13 12 2 1
CO4 14 0 0 2
CO4 15 13 14 2
CO4 16 12 2 2
CO4 17 0 0 1
CO4 18 17 16 1
CO4 19 1 2 2
CO4 20 0 0 1
CO4 21 0 0 2
CO4 22 0 0 1
CO4 23 22 21 2
CO4 24 0 0 1
CO4 25 24 23 2
CO4 26 24 23 2
CO4 27 0 0 1
CO4 28 27 25 1
CO4 29 27 25 1
CO4 30 27 25 2
CO4 31 22 21 2
CO4 32 0 0 1
CO4 33 32 31 2
CO4 34 0 0 1
CO4 35 74 26 1
CO4 36 34 26 2
CO4 37 74 26 2
CO4 38 0 0 2
CO4 39 28 38 1
CO4 40 28 38 1
CO4 41 0 0 1
CO4 42 41 33 1
CO4 43 53 33 2
CO4 44 41 33 2
CO4 45 12 2 2
CO4 46 12 2 2
CO4 47 12 2 2
CO4 48 0 0 2
CO4 49 8 48 2
CO4 50 8 48 1
CO4 51 0 0 1
CO4 52 51 11 2
CO4 53 0 0 1
CO4 54 0 0 1
CO4 55 54 44 2
CO4 56 54 44 1
CO4 57 54 44 2
CO4 58 0 0 1
CO4 59 58 46 2
CO4 60 58 46 1
CO4 61 28 38 1
CO4 62 51 11 1
CO4 63 12 2 2
CO4 65 58 46 2
CO4 66 0 0 1
CO4 67 66 65 2
CO4 68 0 0 1
CO4 69 68 36 2
CO4 70 73 36 1
CO4 71 68 36 2
CO4 72 34 26 2
CO4 73 0 0 1
CO4 74 0 0 1
CO7 1 0 0 1
CO7 2 0 0 2
CO7 3 1 2 1
CO7 4 1 2 1
CO7 5 1 2 2
CO7 6 1 2 2
CO7 7 1 2 2
CO7 8 1 2 2
CO7 9 0 0 2
CO7 10 3 9 2
CO7 11 0 0 1
CO7 12 11 10 1
CO7 13 11 10 1
CO7 14 11 10 2
CO7 15 0 0 1
CO7 16 15 5 2
CO7 17 15 5 2
CO7 18 15 5 2
CO7 19 0 0 1
CO7 20 19 6 1
CO7 21 19 6 2
CO7 22 0 0 1
CO7 23 15 5 2
CO7 24 15 5 1
CO7 25 22 7 1
CO7 26 22 7 2
CO7 27 46 45 2
CO7 28 4 27 1
CO7 29 4 27 1
CO7 30 4 27 1
CO7 31 4 27 1
CO7 32 4 27 2
CO7 33 4 27 2
CO7 34 4 27 2
CO7 35 4 27 2
CO7 36 4 27 2
CO7 37 4 27 2
CO7 38 0 0 1
CO7 39 38 37 1
CO7 40 38 37 2
CO7 41 0 0 2
CO7 42 29 41 1
CO7 43 29 41 2
CO7 44 29 41 2
CO7 45 0 0 2
CO7 46 0 0 1
CO7 47 46 45 1
CO7 48 46 45 2
CO7 49 46 45 2
CO7 50 0 0 1
CO7 51 50 48 2
CO7 52 50 48 2
CO7 53 50 48 1
CO7 54 50 48 1
CO7 55 50 48 1
CO7 56 0 0 2
CO7 57 47 56 2
CO7 58 0 0 1
CO7 59 58 49 1
CO7 60 0 0 2
CO7 61 59 60 2
CO7 62 59 60 2
CO7 63 59 60 1
CO7 64 58 49 2
CO7 65 58 49 1
CO7 66 129 130 1
CO7 67 66 57 1
CO7 68 66 57 2
CO7 69 66 57 1
CO7 70 66 57 1
CO7 71 66 57 1
CO7 72 66 57 2
CO7 73 66 57 1
CO7 74 66 57 2
CO7 75 66 57 1
CO7 76 66 57 2
CO7 77 4 27 2
CO7 78 50 48 1
CO7 79 50 48 2
CO7 80 19 6 2
CO7 81 0 0 1
CO7 82 81 80 1
CO7 83 0 0 1
CO7 84 83 80 2
CO7 85 83 80 2
CO7 86 0 0 2
CO7 87 24 86 2
CO7 88 24 86 2
CO7 89 15 5 1
CO7 90 0 0 1
CO7 91 90 8 2
CO7 92 38 37 2
CO7 93 0 0 1
CO7 94 93 34 1
CO7 95 93 34 1
CO7 96 107 106 1
CO7 97 96 32 2
CO7 98 96 32 1
CO7 99 38 37 2
CO7 100 0 0 2
CO7 101 55 100 1
CO7 102 90 8 1
CO7 103 90 8 1
CO7 104 3 9 2
CO7 105 3 9 1
CO7 106 0 0 2
CO7 107 0 0 1
CO7 108 55 100 1
CO7 109 0 0 1
CO7 110 55 100 2
CO7 111 0 0 1
CO7 112 111 91 1
CO7 113 111 91 2
CO7 114 111 91 1
CO7 115 109 68 1
CO7 116 109 68 2
CO7 117 109 68 2
CO7 118 24 86 1
CO7 119 19 6 1
CO7 120 0 0 2
CO7 121 119 120 2
CO7 122 119 120 1
CO7 123 47 56 1
CO7 124 0 0 2
CO7 125 123 124 2
CO7 126 123 124 2
CO7 127 0 0 2
CO7 128 54 127 1
CO7 129 0 0 1
CO7 130 0 0 2
CO7 131 129 130 1
CO7 132 0 0 2
CO7 133 131 132 2
CO7 134 0 0 1
CO7 135 131 132 2
CO7 136 0 0 1
CO7 137 136 135 1
CO7 138 136 135 2
CO7 139 136 135 2
CO7 140 131 132 1
CO7 141 134 133 1
CO7 142 134 133 1
CO7 143 134 133 2
CO7 144 54 127 2
CO7 145 0 0 2
CO7 146 67 145 1
CO7 147 0 0 2
CO7 148 89 147 2
CO7 149 38 37 2
CO8 1 0 0 1
CO8 2 8 7 2
CO8 3 1 2 1
CO8 4 1 2 2
CO8 5 1 2 2
CO8 6 1 2 2
CO8 7 0 0 2
CO8 8 0 0 1
CO8 9 8 7 1
CO8 10 8 7 2
CO8 11 0 0 2
CO8 12 9 11 2
CO8 13 9 11 2
CO8 14 0 0 1
CO8 15 14 4 2
CO8 16 14 4 1
CR001 1 0 0 1
CR001 2 0 0 2
CR001 4 1 2 2
CR001 6 1 2 1
CR001 8 1 2 1
CR001 244 0 0 2
CR001 245 753 764 1
CR001 402 0 0 1
CR001 406 402 4 2
CR001 517 0 0 1
CR001 518 517 406 2
CR001 520 517 406 1
CR001 521 520 527 1
CR001 523 517 406 1
CR001 527 0 0 2
CR001 752 0 0 2
CR001 753 6 752 1
CR001 755 6 752 2
CR001 764 0 0 2
CR001 765 753 764 2
CR001 772 0 0 1
CR001 778 245 244 1
CR001 781 0 0 1
CR001 783 781 765 1
CR001 803 772 755 2
CR001 804 772 755 1
CR001 805 772 755 1
CR001 806 772 755 1
CR001 808 0 0 1
CR001 810 808 803 2
CR001 811 808 803 1
CR001 813 808 803 2
CR001 815 808 803 2
CR001 816 808 803 1
CR001 819 0 0 1
CR001 820 819 803 2
CR001 831 0 0 2
CR001 833 805 831 2
CR001 835 805 831 1
CR001 839 0 0 2
CR001 843 806 839 2
CR001 1037 0 0 2
CR001 1039 8 1037 2
CR001 1040 8 1037 1
CR001 1534 0 0 1
CR001 1535 1534 810 1
CR004 1 30 31 1
CR004 2 0 0 2
CR004 5 1 2 1
CR004 6 1 2 1
CR004 7 1 2 1
CR004 11 0 0 2
CR004 16 7 11 2
CR004 19 7 11 2
CR004 20 7 11 1
CR004 21 7 11 2
CR004 30 0 0 1
CR004 31 0 0 2
CR004 33 0 0 2
CR004 34 0 0 2
CR004 38 40 41 1
CR004 39 0 0 2
CR004 40 30 31 1
CR004 41 0 0 2
CR004 88 30 31 2
CR004 89 0 0 1
CR004 294 999 523 1
CR004 319 30 31 2
CR004 320 0 0 1
CR004 323 320 319 2
CR004 336 0 0 2
CR004 337 30 31 1
CR004 395 0 0 1
CR004 421 40 41 1
CR004 422 0 0 2
CR004 432 89 88 1
CR004 433 0 0 2
CR004 434 432 433 2
CR004 435 0 0 1
CR004 436 435 434 2
CR004 437 395 16 2
CR004 438 0 0 1
CR004 439 438 437 2
CR004 452 337 336 1
CR004 455 395 16 1
CR004 456 395 16 1
CR004 457 0 0 2
CR004 458 0 0 1
CR004 459 6 33 2
CR004 460 458 459 1
CR004 462 5 34 2
CR004 463 0 0 1
CR004 464 463 462 1
CR004 465 466 467 1
CR004 466 0 0 1
CR004 467 6 33 2
CR004 483 421 422 2
CR004 484 1 2 1
CR004 485 395 16 2
CR004 486 38 39 1
CR004 487 486 485 2
CR004 488 395 16 2
CR004 489 484 483 2
CR004 490 6 33 1
CR004 491 6 33 1
CR004 492 421 422 2
CR004 493 0 0 1
CR004 505 0 0 2
CR004 506 491 505 2
CR004 518 0 0 1
CR004 520 518 323 1
CR004 523 5 34 2
CR004 540 320 319 2
CR004 545 520 523 2
CR004 615 484 483 2
CR004 640 486 485 2
CR004 641 486 485 1
CR004 642 486 485 2
CR004 643 486 485 2
CR004 644 486 485 1
CR004 645 486 485 1
CR004 646 486 485 1
CR004 647 486 485 1
CR004 648 38 39 1
CR004 649 0 0 2
CR004 660 845 19 1
CR004 661 6 33 2
CR004 662 6 33 1
CR004 663 6 33 1
CR004 666 6 33 1
CR004 676 458 459 1
CR004 678 458 459 1
CR004 679 458 459 1
CR004 680 458 459 2
CR004 681 458 459 2
CR004 696 0 0 1
CR004 697 696 681 1
CR004 698 696 681 1
CR004 699 696 681 2
CR004 700 696 681 1
CR004 723 0 0 2
CR004 726 663 723 1
CR004 727 663 723 1
CR004 728 663 723 2
CR004 729 663 723 2
CR004 730 663 723 2
CR004 731 663 723 2
CR004 732 663 723 2
CR004 733 0 0 2
CR004 734 490 733 2
CR004 735 490 733 1
CR004 736 490 733 1
CR004 737 490 733 1
CR004 738 490 733 1
CR004 744 466 467 2
CR004 745 0 0 2
CR004 746 491 745 2
CR004 747 491 745 1
CR004 748 466 467 2
CR004 749 466 467 2
CR004 750 466 467 2
CR004 751 466 467 2
CR004 779 484 483 1
CR004 780 484 483 2
CR004 781 484 483 2
CR004 782 484 483 1
CR004 783 484 483 1
CR004 784 484 483 2
CR004 787 466 467 2
CR004 794 5 34 1
CR004 795 5 34 2
CR004 796 5 34 1
CR004 845 0 0 1
CR004 846 845 19 1
CR004 847 845 19 1
CR004 849 0 0 1
CR004 850 849 488 2
CR004 851 849 488 2
CR004 852 849 488 1
CR004 862 395 16 1
CR004 874 0 0 2
CR004 876 455 874 1
CR004 885 456 457 2
CR004 886 456 457 2
CR004 887 456 457 1
CR004 898 395 16 2
CR004 969 0 0 2
CR004 998 0 0 1
CR004 999 0 0 1
CR004 1077 484 483 1
CR004 1095 463 462 2
CR004 1473 452 969 1
CR004 1776 648 649 1
CR004 1841 463 462 1
CR004 1888 484 483 1
CR004 1972 484 483 2
CR004 2591 464 2734 2
CR004 2604 663 723 2
CR004 2614 0 0 2
CR004 2619 6 33 2
CR004 2634 458 459 1
CR004 2640 484 483 2
CR004 2641 484 483 2
CR004 2643 998 462 1
CR004 2644 520 523 2
CR004 2645 845 19 2
CR004 2646 845 19 2
CR004 2647 845 19 2
CR004 2648 845 19 2
CR004 2649 845 19 1
CR004 2650 845 19 2
CR004 2651 845 19 2
CR004 2652 845 19 1
CR004 2653 845 19 2
CR004 2654 845 19 2
CR004 2655 845 19 1
CR004 2656 490 733 1
CR004 2657 490 733 1
CR004 2658 490 733 1
CR004 2665 486 485 2
CR004 2677 493 492 1
CR004 2678 493 492 1
CR004 2679 493 492 1
CR004 2680 493 492 2
CR004 2734 1473 2614 2
CR004 2772 464 2734 2
CR004 2777 0 0 1
CR004 2778 2777 2734 2
CR004 2785 1473 2614 2
CR004 2786 1473 2614 1
CR004 2788 0 0 2
CR004 2789 846 2788 1
CR004 2790 846 2788 2
CR006 27 6231 6232 2
CR006 1955 3997 3998 2
CR006 3997 0 0 1
CR006 3998 4542 4543 2
CR006 4542 0 0 1
CR006 4543 0 0 2
CR006 6228 6229 6230 1
CR006 6229 6231 6232 1
CR006 6230 0 0 2
CR006 6231 0 0 1
CR006 6232 6489 4543 2
CR006 6489 0 0 1
CR006 9213 9214 9215 1
CR006 9214 0 0 1
CR006 9215 9218 9219 2
CR006 9218 0 0 1
CR006 9219 3997 3998 2
CR006 37862 6231 6232 1
CR006 37863 6231 6232 1
CR006 37864 6231 6232 1
CR006 37867 6231 6232 1
CR006 38819 0 0 2
CR006 38820 0 0 2
CR006 38821 6489 4543 1
CR006 38822 6489 4543 1
CR006 38824 6229 6230 1
CR006 38825 6229 6230 2
CR006 38826 6229 6230 2
CR006 38835 37862 38819 2
CR006 38836 37862 38819 1
CR006 38837 37862 38819 2
CR006 38838 37862 38819 1
CR006 38839 37862 38820 2
CR006 38840 37862 38820 1
CR006 38841 37862 38820 1
CR006 38842 37862 38820 1
CR006 38843 6229 6230 1
CR007 8429 8430 8431 2
CR007 8430 8432 8433 1
CR007 8431 0 0 2
CR007 8432 0 0 1
CR007 8433 0 0 2
CR007 13589 0 0 2
CR007 13590 8432 8433 1
CR007 13591 13590 13589 1
CR007 37967 8430 8431 1
CR007 37970 13590 13589 1
CR007 37971 13590 13589 2
CR007 37976 8430 8431 1
CR008 999 0 0 1
CR008 8040 8041 8042 1
CR008 8041 0 0 1
CR008 8042 8611 8612 2
CR008 8611 0 0 1
CR008 8612 0 0 2
CR008 10152 11288 11289 2
CR008 10817 10820 10821 1
CR008 10818 10826 10827 2
CR008 10819 10817 10818 2
CR008 10820 8611 8612 1
CR008 10821 0 0 2
CR008 10826 0 0 1
CR008 10827 0 0 2
CR008 11288 0 0 1
CR008 11289 8041 8042 2
CR008 11290 11288 11289 2
CR008 16288 0 0 2
CR008 17633 999 16288 1
CR008 17634 8040 16288 2
CR008 38022 11288 11289 2
CR008 38023 11288 11289 2
CR008 38078 10817 10818 1
CR008 38079 10817 10818 1
CR008 38080 10817 10818 1
CR008 38081 10817 10818 1
CR008 38082 10817 10818 1
CR008 38833 10826 10827 2
CR008 38834 10826 10827 2
CR008 39663 10826 10827 1
CR009 10005 10006 10007 1
CR009 10006 10008 10009 1
CR009 10007 0 0 2
CR009 10008 0 0 1
CR009 10009 0 0 2
CR009 18608 18609 18610 2
CR009 18609 10008 10009 1
CR009 18610 0 0 2
CR009 19121 18609 18610 2
CR009 38031 10006 10007 2
CR009 38034 10006 10007 1
CR009 38035 10006 10007 1
CR009 38036 10006 10007 2
CR009 38037 10006 10007 1
CR009 38038 10006 10007 2
CR009 38039 10006 10007 2
CR009 38040 10006 10007 2
CR009 38041 10006 10007 2
CR009 38042 10006 10007 1
CR009 38043 10006 10007 2
CR009 38045 10006 10007 2
CR009 38046 10006 10007 2
CR009 38047 10006 10007 1
CR009 38124 18609 18610 2
CR009 39512 39579 38041 1
CR009 39574 39791 39792 1
CR009 39575 0 0 2
CR009 39576 39791 39792 1
CR009 39578 0 0 1
CR009 39579 0 0 1
CR009 39584 38037 39575 2
CR009 39585 39576 38038 2
CR009 39588 39578 38040 2
CR009 39590 39578 38040 2
CR009 39625 39576 38038 2
CR009 39626 39574 38036 1
CR009 39784 39574 38036 2
CR009 39791 0 0 1
CR009 39792 0 0 2
CR009 39852 38037 39575 2
CR009 39896 0 0 1
CR009 39897 39896 18608 2
CR009 39898 39896 18608 2
CR009 39905 39896 18608 2
CR010 522 523 524 2
CR010 523 525 526 1
CR010 524 527 528 2
CR010 525 0 0 1
CR010 526 3135 3136 2
CR010 527 0 0 1
CR010 528 0 0 2
CR010 999 0 0 1
CR010 2278 2279 522 1
CR010 2279 0 0 1
CR010 3135 0 0 1
CR010 3136 0 0 2
CR010 7403 7404 7405 2
CR010 7404 7406 7407 1
CR010 7405 0 0 2
CR010 7406 3135 3136 1
CR010 7407 0 0 2
CR010 14754 527 528 1
CR010 14755 0 0 2
CR010 16396 14754 17141 1
CR010 16397 16396 14755 2
CR010 17141 0 0 2
CR010 18000 2279 522 2
CR010 37859 16396 14755 1
CR010 37860 16396 14755 2
CR010 37868 2279 522 2
CR010 37869 999 522 1
CR010 37874 523 524 2
CR010 38804 38823 18000 1
CR010 38823 0 0 1
CR011 698 699 700 1
CR011 699 2493 2494 1
CR011 700 0 0 2
CR011 2490 2491 2492 1
CR011 2491 2493 2494 1
CR011 2492 0 0 2
CR011 2493 0 0 1
CR011 2494 0 0 2
CR011 38023 699 700 1
CR011 38025 2491 2492 2
CR011 38027 699 700 2
CR011 39240 2490 39241 2
CR011 39241 0 0 2
CR011 39901 0 0 2
CR011 39902 698 39901 2
CR011 40395 698 39901 2
CR012 10060 10061 10062 2
CR012 10061 10063 10960 1
CR012 10062 0 0 2
CR012 10063 0 0 1
CR012 10960 0 0 2
CR012 18025 18026 18027 2
CR012 18026 0 0 1
CR012 18027 10063 10960 2
CR012 38049 10061 10062 2
CR012 38052 10061 10062 2
CR012 38055 10061 10062 1
CR012 38108 18026 18027 2
CR012 38111 18026 18027 1
CR012 38112 18026 18027 2
CR012 38113 18026 18027 2
CR012 38115 18026 18027 1
CR012 38116 18026 18027 2
CR012 38117 18026 18027 2
CR012 39730 0 0 1
CR012 39739 39750 39752 1
CR012 39740 0 0 1
CR012 39743 39730 38112 2
CR012 39745 39730 38112 2
CR012 39746 39730 38112 1
CR012 39749 39750 39752 1
CR012 39750 0 0 1
CR012 39751 39749 38052 2
CR012 39752 0 0 2
CR012 39762 39739 10060 2
CR012 39764 39739 10060 2
CR012 39771 39740 38049 2
CR012 39773 39740 38049 1
CR012 39774 39740 38049 1
CR012 39887 0 0 1
CR012 39888 39887 38117 1
CR013 37 0 0 2
CR013 7049 0 0 1
CR013 7050 7054 7055 2
CR013 7051 7049 7050 2
CR013 7054 0 0 1
CR013 7055 7056 7084 2
CR013 7056 0 0 1
CR013 7084 0 0 2
CR013 9199 9200 9201 2
CR013 9200 9202 9203 1
CR013 9201 9204 9205 2
CR013 9202 0 0 1
CR013 9203 7056 7084 2
CR013 9204 0 0 1
CR013 9205 9727 9728 2
CR013 9727 9729 9730 1
CR013 9728 0 0 2
CR013 9729 0 0 1
CR013 9730 0 0 2
CR013 11365 11366 11367 2
CR013 11366 0 0 1
CR013 11367 7054 7055 2
CR013 17333 7049 7050 2
CR013 18695 18696 18697 2
CR013 18696 18751 18750 1
CR013 18697 0 0 2
CR013 18750 0 0 2
CR013 18751 18774 18775 1
CR013 18774 0 0 1
CR013 18775 9729 9730 2
CR013 19308 19309 19310 2
CR013 19309 19362 19363 1
CR013 19310 0 0 2
CR013 19362 0 0 1
CR013 19363 7056 7084 2
CR013 38033 19309 19310 2
CR013 38090 11366 11367 2
CR013 38093 11366 11367 2
CR013 39289 19309 37 1
CR014 3758 3762 3763 1
CR014 3759 0 0 2
CR014 3760 3758 3759 2
CR014 3761 3758 3759 1
CR014 3762 0 0 1
CR014 3763 0 0 2
CR014 4185 3758 3759 1
CR014 9576 9577 9578 2
CR014 9577 9579 9580 1
CR014 9578 0 0 2
CR014 9579 0 0 1
CR014 9580 3762 3763 2
CR014 17239 3758 3759 2
CR014 17240 3758 3759 1
CR014 17241 3758 3759 2
CR014 17683 3758 3759 2
CR014 32282 3758 3759 1
CR014 32283 3758 3759 2
CR014 32284 3758 3759 1
CR014 32285 3758 3759 1
CR014 32286 3758 3759 2
CR014 32287 3758 3759 1
CR014 32288 3758 3759 1
CR014 32297 0 0 1
CR014 32327 32297 3760 1
CR014 37842 9577 9578 2
CR015 2200 0 0 2
CR015 2203 2204 2205 1
CR015 2204 2206 2200 1
CR015 2205 2208 2209 2
CR015 2206 0 0 1
CR015 2208 0 0 1
CR015 2209 0 0 2
CR015 2636 2208 2209 1
CR015 2637 2206 2200 2
CR015 2638 2636 2637 2
CR015 37843 2636 2637 2
CR015 37844 2636 2637 1
CR015 37845 2636 2637 2
CR015 37846 2636 2637 2
CR015 38028 2204 2205 2
CR015 38029 2204 2205 2
CR015 38030 2204 2205 2
CR015 38031 2204 2205 2
CR015 38032 2204 2205 1
CR016 5 18913 39881 1
CR016 36 18913 39881 1
CR016 37 18913 39881 1
CR016 18913 18914 18915 1
CR016 18914 0 0 1
CR016 18915 0 0 2
CR016 39872 18914 18915 1
CR016 39873 18914 18915 1
CR016 39874 18914 18915 2
CR016 39875 18914 18915 1
CR016 39876 18914 18915 1
CR016 39877 18914 18915 2
CR016 39878 18914 18915 1
CR016 39879 18914 18915 1
CR016 39880 18914 18915 2
CR016 39881 39882 39883 2
CR016 39882 0 0 1
CR016 39883 0 0 2
CR016 39884 39882 39883 2
CR016 39885 39882 39883 2
CR016 39886 39882 39883 1
CR016 39889 0 0 2
CR016 39890 39879 39889 2
CR016 39891 39879 39889 1
CR201 1 0 0 1
CR201 2 0 0 2
CR201 3 1 2 1
CR201 4 1 2 1
CR201 5 0 0 2
CR201 6 0 0 2
CR201 8 1 2 2
CR201 9 1 2 1
CR201 10 1 2 2
CR201 11 1 2 1
CR201 12 3 5 2
CR201 13 0 0 1
CR201 14 13 12 1
CR201 15 13 12 2
CR201 16 4 6 1
CR201 17 4 6 1
CR201 19 0 0 2
CR201 20 0 0 1
CR201 21 20 8 1
CR201 22 20 8 2
CR201 23 20 8 2
CR201 24 0 0 2
CR201 25 9 24 1
CR201 26 9 24 1
CR201 27 9 24 2
CR201 28 0 0 1
CR201 30 0 0 2
CR201 31 11 30 2
CR201 32 0 0 1
CR201 33 26 66 2
CR201 34 14 33 2
CR201 35 0 0 1
CR201 36 35 27 2
CR201 43 16 19 1
CR201 44 17 15 2
CR201 45 43 44 1
CR201 46 0 0 2
CR201 47 25 46 2
CR201 48 0 0 1
CR201 49 48 22 1
CR201 50 270 902 2
CR201 51 49 50 2
CR201 52 0 0 1
CR201 53 52 51 1
CR201 55 21 47 1
CR201 56 0 0 2
CR201 57 55 56 2
CR201 58 0 0 1
CR201 66 0 0 2
CR201 67 0 0 1
CR201 68 67 34 1
CR201 69 0 0 2
CR201 70 68 69 1
CR201 71 14 33 2
CR201 72 1517 1518 1
CR201 73 72 71 1
CR201 74 0 0 1
CR201 75 74 36 2
CR201 76 0 0 1
CR201 77 76 75 1
CR201 78 0 0 2
CR201 79 77 78 2
CR201 87 32 31 2
CR201 89 440 87 1
CR201 90 0 0 2
CR201 91 89 90 2
CR201 96 25 46 1
CR201 99 76 75 2
CR201 104 77 78 2
CR201 107 49 50 1
CR201 122 0 0 1
CR201 123 3 124 2
CR201 124 0 0 2
CR201 150 26 66 2
CR201 151 0 0 1
CR201 209 11 30 2
CR201 210 0 0 1
CR201 227 9 24 2
CR201 228 0 0 1
CR201 268 28 10 1
CR201 269 0 0 2
CR201 270 28 10 1
CR201 271 72 71 1
CR201 272 21 47 2
CR201 300 228 227 1
CR201 318 25 46 1
CR201 319 48 22 2
CR201 355 35 27 1
CR201 356 0 0 2
CR201 403 0 0 1
CR201 404 9 1629 2
CR201 440 0 0 1
CR201 447 122 123 2
CR201 459 35 27 1
CR201 460 0 0 2
CR201 467 58 23 1
CR201 468 0 0 2
CR201 536 318 319 1
CR201 549 14 33 1
CR201 565 0 0 1
CR201 578 228 227 1
CR201 579 210 209 2
CR201 581 578 579 1
CR201 618 48 22 1
CR201 619 0 0 2
CR201 665 74 36 2
CR201 711 25 46 1
CR201 712 25 46 1
CR201 752 0 0 1
CR201 753 26 66 2
CR201 793 0 0 2
CR201 902 0 0 2
CR201 926 2399 665 2
CR201 965 58 23 1
CR201 997 0 0 1
CR201 998 0 0 1
CR201 999 0 0 1
CR201 1013 0 0 1
CR201 1014 210 209 2
CR201 1053 467 468 2
CR201 1077 403 404 1
CR201 1129 459 460 2
CR201 1137 0 0 2
CR201 1157 48 22 2
CR201 1158 0 0 1
CR201 1183 151 150 2
CR201 1199 67 34 2
CR201 1200 2226 2227 1
CR201 1201 1200 1199 2
CR201 1202 1200 1199 1
CR201 1205 67 34 2
CR201 1206 0 0 1
CR201 1207 1206 1205 2
CR201 1215 0 0 2
CR201 1216 712 1215 1
CR201 1217 1493 272 1
CR201 1218 712 1215 2
CR201 1220 712 1215 2
CR201 1221 712 1215 1
CR201 1222 712 1215 1
CR201 1254 268 269 1
CR201 1264 0 0 1
CR201 1281 0 0 2
CR201 1293 0 0 2
CR201 1354 549 1129 2
CR201 1355 549 1129 1
CR201 1365 11 30 1
CR201 1366 0 0 2
CR201 1493 74 36 1
CR201 1517 0 0 1
CR201 1518 0 0 2
CR201 1576 0 0 2
CR201 1629 0 0 2
CR201 1778 300 793 2
CR201 1781 440 87 1
CR201 1787 1013 1014 1
CR201 1826 1365 1366 1
CR201 1827 0 0 2
CR201 1828 618 619 1
CR201 1829 0 0 2
CR201 1830 1158 1157 2
CR201 1831 0 0 1
CR201 1861 72 71 1
CR201 1863 0 0 2
CR201 1875 1493 272 1
CR201 1878 77 78 2
CR201 1882 77 78 2
CR201 1887 1264 99 2
CR201 1888 0 0 1
CR201 1889 76 75 2
CR201 1896 52 51 2
CR201 2046 43 44 2
CR201 2049 43 44 2
CR201 2062 52 51 2
CR201 2063 52 51 2
CR201 2067 52 51 2
CR201 2184 318 319 1
CR201 2185 1254 447 2
CR201 2187 2184 2185 2
CR201 2188 0 0 1
CR201 2189 999 2187 2
CR201 2196 549 1129 2
CR201 2197 0 0 1
CR201 2226 1517 3228 1
CR201 2227 0 0 2
CR201 2228 1013 1014 1
CR201 2229 752 753 2
CR201 2230 0 0 2
CR201 2255 1264 99 1
CR201 2256 1264 99 2
CR201 2257 1264 99 2
CR201 2258 1264 99 2
CR201 2259 1264 99 2
CR201 2260 1264 99 1
CR201 2361 0 0 2
CR201 2381 318 319 1
CR201 2399 0 0 1
CR201 2421 318 319 2
CR201 2427 711 1293 2
CR201 2853 2399 665 1
CR201 2880 0 0 1
CR201 2895 2399 665 2
CR201 3010 618 619 1
CR201 3011 0 0 2
CR201 3108 965 1576 2
CR201 3109 0 0 1
CR201 3198 712 1215 2
CR201 3219 618 619 2
CR201 3228 0 0 2
CR201 3233 1206 1205 2
CR201 3235 1206 1205 1
CR201 3237 1206 1205 1
CR201 3293 618 619 2
CR201 3294 0 0 1
CR201 3305 2880 1183 1
CR201 3306 0 0 2
CR201 3350 581 2361 2
CR201 3351 0 0 1
CR201 3374 1013 1014 1
CR201 3396 1013 1014 2
CR201 3616 549 1129 1
CR201 3758 1200 1199 1
CR201 3791 21 2230 2
CR201 3792 0 0 1
CR201 3815 2381 1778 2
CR201 3816 0 0 1
CR201 4030 72 71 1
CR201 4065 712 1215 1
CR201 4244 0 0 1
CR201 4306 1493 272 2
CR201 4318 96 1137 1
CR201 4369 1200 1199 1
CR201 4370 1200 1199 1
CR201 4371 1200 1199 2
CR201 4372 1200 1199 2
CR201 4373 1200 1199 2
CR201 4374 1200 1199 1
CR201 4375 712 1215 2
CR201 4376 712 1215 2
CR201 4381 1200 1199 1
CR201 4498 1221 1863 2
CR201 4541 55 56 1
CR201 4542 55 56 1
CR201 4546 55 56 1
CR201 4598 2381 1778 1
CR201 4599 2381 1778 1
CR201 4654 0 0 2
CR201 4818 549 1129 1
CR201 4907 355 356 1
CR201 4908 0 0 2
CR201 5019 2197 2196 2
CR201 5020 2197 2196 1
CR201 5021 2197 2196 1
CR201 5023 2197 2196 2
CR201 5024 2197 2196 1
CR201 5025 2197 2196 2
CR201 5043 549 1129 2
CR201 5055 998 69 1
CR201 5056 68 69 2
CR201 5060 3010 3011 1
CR201 5063 3010 3011 1
CR201 5066 1828 1829 1
CR201 5068 1828 1829 1
CR201 5073 1828 1829 2
CR201 5074 1828 1829 1
CR201 5076 1828 1829 1
CR201 5212 440 87 1
CR201 5220 0 0 1
CR201 5246 1826 1827 1
CR201 5257 3109 3108 2
CR201 5262 3109 3108 1
CR201 5263 3109 3108 1
CR201 5264 3109 3108 2
CR201 5288 1831 1830 1
CR201 5289 1831 1830 2
CR201 5291 1831 1830 2
CR201 5292 1831 1830 1
CR201 5515 0 0 1
CR201 5516 5515 1053 1
CR201 5628 1013 1014 2
CR201 5711 2188 2187 1
CR201 5712 997 2187 1
CR201 6014 5515 1053 1
CR201 6063 3816 3815 2
CR201 6064 3816 3815 1
CR201 6065 3816 3815 2
CR201 6162 0 0 1
CR201 6677 72 71 1
CR201 6789 3305 3306 1
CR201 6790 3305 3306 2
CR201 6791 3305 3306 2
CR201 6793 3305 3306 2
CR201 6794 3305 3306 1
CR201 6956 96 1137 1
CR201 6957 0 0 2
CR201 6967 1077 1281 2
CR201 7197 0 0 1
CR201 7298 7197 6967 2
CR201 7300 7197 6967 1
CR201 7325 72 71 2
CR201 7366 2228 2229 2
CR201 7367 2228 2229 2
CR201 7368 2228 2229 2
CR201 7369 2228 2229 2
CR201 7371 2228 2229 2
CR201 7372 2228 2229 2
CR201 7373 2228 2229 1
CR201 7374 2228 2229 2
CR201 7375 2228 2229 2
CR201 7700 1202 4654 1
CR201 7701 1202 4654 1
CR201 7704 1202 4654 2
CR201 7917 4907 4908 2
CR201 7918 4907 4908 1
CR201 7919 4907 4908 1
CR201 7922 4907 4908 1
CR201 7923 4907 4908 1
CR201 7924 4907 4908 1
CR201 8079 1493 272 2
CR201 8095 3351 3350 1
CR201 8096 3351 3350 1
CR201 8098 3351 3350 2
CR201 8099 3351 3350 2
CR201 8100 3351 3350 2
CR201 8229 6956 6957 1
CR201 8841 0 0 1
CR201 8846 5515 1053 2
CR201 8864 8841 926 1
CR201 8865 8841 926 1
CR201 8962 0 0 2
CR201 8963 5246 8962 2
CR201 9303 3792 3791 1
CR201 9305 3792 3791 2
CR201 9592 5246 8962 2
CR201 9593 5246 8962 1
CR201 9594 5246 8962 2
CR201 9595 5246 8962 2
CR201 9596 5246 8962 2
CR201 9804 5515 1053 1
CR201 10031 4244 2259 2
CR201 10032 4244 2259 2
CR201 10038 1888 1887 2
CR201 10040 1888 1887 2
CR201 10046 5220 2258 1
CR201 10148 565 7369 1
CR201 10172 43 44 2
CR201 10173 6162 5073 2
CR201 10200 0 0 2
CR201 10201 271 10200 2
CR201 10202 0 0 1
CR201 10204 10202 7298 2
CR201 10205 3294 3293 1
CR201 10206 13351 1201 2
CR201 10212 3294 3293 2
CR201 13351 0 0 1
CR277 791 792 793 2
CR277 792 794 795 1
CR277 793 0 0 2
CR277 794 0 0 1
CR277 795 0 0 2
CR277 4175 4176 4177 2
CR277 4176 0 0 1
CR277 4177 4180 4181 2
CR277 4180 0 0 1
CR277 4181 0 0 2
CR277 6349 6350 6351 1
CR277 6350 4180 4181 1
CR277 6351 6352 6353 2
CR277 6352 794 795 1
CR277 6353 0 0 2
CR277 17228 0 0 1
CR277 17229 17228 791 2
CR277 17244 4176 4177 2
CR277 17991 792 793 1
CR277 37718 6350 6351 1
CR277 37721 6350 6351 2
CR277 37722 6350 6351 2
CR277 37723 6350 6351 2
CR277 38085 4176 4177 2
CR277 38087 4176 4177 1
CR001 525 517 406 1
